0 1 3 4 5 6 12 13 18 19 20 21 24 27 31 40 41 42 53 56 60 63 64 66 72 77 79 82 83 87 89 90 94 96 
1 0 5 13 15 16 20 21 25 27 34 35 39 41 42 43 47 48 53 56 58 65 68 69 71 76 78 82 83 88 90 93 98 
2 3 9 11 13 23 26 27 29 30 32 39 41 43 44 47 56 57 58 64 65 67 71 77 80 81 87 88 89 91 93 95 96 
3 0 2 4 9 10 11 15 19 20 21 29 38 39 45 53 60 63 66 67 77 82 84 85 86 92 99 
4 0 3 10 12 19 30 33 35 38 39 44 49 53 59 62 64 68 69 77 81 83 85 89 90 92 95 99 
5 0 1 7 11 12 14 15 17 24 30 33 46 52 54 58 60 61 62 67 70 79 82 84 86 91 95 96 
6 0 7 19 21 22 29 31 39 41 42 44 46 51 52 60 61 66 68 73 75 76 81 87 89 95 97 
7 5 6 12 14 15 17 24 30 36 39 48 50 55 56 63 66 71 72 74 75 77 81 84 85 86 88 98 99 
8 10 14 21 23 25 31 33 35 39 40 43 45 53 56 57 59 68 70 73 74 77 78 81 82 84 87 89 96 99 
9 2 3 10 13 16 17 18 23 28 30 35 36 39 41 43 47 50 51 53 58 59 61 66 74 77 78 79 80 87 89 90 94 96 99 
10 3 4 8 9 11 14 25 28 29 31 32 33 34 37 38 43 44 46 47 61 63 65 67 68 71 75 76 91 94 98 
11 2 3 5 10 12 14 19 23 26 29 32 33 38 41 42 43 44 47 51 54 56 58 60 67 69 74 75 79 81 86 88 90 92 94 96 98 
12 0 4 5 7 11 13 17 19 21 23 24 26 27 29 34 36 37 38 40 42 45 51 53 58 59 64 67 70 74 77 81 82 85 87 89 94 96 
13 0 1 2 9 12 16 22 30 34 35 41 42 43 47 51 53 54 56 60 65 67 68 70 75 78 84 86 87 88 89 90 99 
14 5 7 8 10 11 26 32 34 37 38 41 52 56 58 64 67 70 71 79 82 84 85 87 90 91 92 98 99 
15 1 3 5 7 19 25 33 36 42 46 48 50 57 62 69 70 74 75 82 84 93 94 95 99 
16 1 9 13 17 18 19 21 22 26 29 35 38 41 44 48 51 52 54 55 60 65 68 69 72 75 76 82 83 88 91 93 95 96 99 
17 5 7 9 12 16 21 23 30 33 34 37 42 43 52 53 61 64 66 67 69 77 80 81 82 88 92 95 98 
18 0 9 16 19 24 26 27 30 33 35 38 39 46 54 55 57 58 59 61 62 64 65 68 71 72 77 81 82 83 84 85 90 91 96 98 99 
19 0 3 4 6 11 12 15 16 18 23 27 32 34 40 41 50 57 62 64 69 75 76 81 82 88 89 94 96 99 
20 0 1 3 22 23 24 26 31 39 42 43 52 53 56 66 67 69 73 76 78 85 90 91 95 98 99 
21 0 1 3 6 8 12 16 17 23 24 26 30 33 39 40 43 45 46 47 50 56 58 60 61 64 68 72 74 78 80 81 82 88 89 
22 6 13 16 20 27 34 36 42 44 49 51 57 59 68 71 72 74 76 77 83 85 86 92 96 
23 2 8 9 11 12 17 19 20 21 28 33 34 35 39 41 42 43 45 46 47 49 51 59 61 71 76 83 92 96 99 
24 0 5 7 12 18 20 21 25 33 36 47 48 49 53 56 59 65 67 68 72 74 77 82 86 89 90 92 93 94 96 
25 1 8 10 15 24 27 40 43 44 47 49 51 52 54 57 60 61 65 66 74 79 84 87 89 90 97 
26 2 11 12 14 16 18 20 21 27 29 32 36 47 51 53 56 61 65 68 73 75 78 79 80 81 82 84 85 94 95 
27 0 1 2 12 18 19 22 25 26 32 35 36 37 38 41 48 50 54 66 69 81 87 93 
28 9 10 23 29 31 33 35 46 47 49 51 56 57 59 60 61 70 73 76 77 78 79 84 90 
29 2 3 6 10 11 12 16 26 28 30 33 34 35 36 38 48 49 51 53 55 59 63 65 68 69 76 77 83 87 88 90 91 92 95 97 
30 2 4 5 7 9 13 17 18 21 29 31 36 43 51 52 53 64 66 68 70 71 73 76 77 81 82 87 96 
31 0 6 8 10 20 28 30 33 35 36 39 40 42 43 45 50 51 54 62 69 73 75 79 80 86 90 91 95 97 
32 2 10 11 14 19 26 27 35 40 44 46 48 52 60 62 70 75 79 80 83 86 90 92 
33 4 5 8 10 11 15 17 18 21 23 24 28 29 31 35 36 38 41 48 50 52 53 55 56 57 58 59 62 66 72 75 77 79 80 81 83 91 92 93 94 98 
34 1 10 12 13 14 17 19 22 23 29 36 41 43 48 49 50 54 55 61 63 70 77 84 85 90 91 92 93 94 95 97 99 
35 1 4 8 9 13 16 18 23 27 28 29 31 32 33 39 40 41 44 45 47 50 51 53 55 56 59 60 64 69 70 74 75 80 81 87 89 91 95 97 
36 7 9 12 15 22 24 26 27 29 30 31 33 34 38 39 43 44 45 48 53 54 56 57 59 62 71 76 77 78 79 82 87 88 89 91 93 94 97 
37 10 12 14 17 27 45 46 66 67 68 69 72 73 74 75 76 79 83 86 89 91 97 
38 3 4 10 11 12 14 16 18 27 29 33 36 40 44 47 49 52 61 63 65 67 68 69 70 73 76 83 84 85 89 90 91 94 
39 1 2 3 4 6 7 8 9 18 20 21 23 31 35 36 40 42 46 48 55 71 75 80 88 97 98 
40 0 8 12 19 21 25 31 32 35 38 39 42 43 46 50 53 55 56 59 62 63 64 67 71 73 74 78 79 81 86 89 91 92 94 99 
41 0 1 2 6 9 11 13 14 16 19 23 27 33 34 35 44 49 55 56 57 59 60 62 76 79 84 85 87 88 90 91 98 99 
42 0 1 6 11 12 13 15 17 20 22 23 31 39 40 51 56 58 59 62 63 66 69 71 72 73 74 79 93 
43 1 2 8 9 10 11 13 17 20 21 23 25 30 31 34 36 40 49 51 52 54 55 57 60 61 62 63 70 72 75 77 79 84 86 87 90 92 93 95 96 98 99 
44 2 4 6 10 11 16 22 25 32 35 36 38 41 52 57 58 61 62 68 72 73 78 80 81 89 91 95 98 
45 3 8 12 21 23 31 35 36 37 46 54 60 62 68 73 74 79 84 85 93 96 97 
46 5 6 10 15 18 21 23 28 32 37 39 40 45 49 53 55 56 57 66 68 72 79 82 84 85 92 99 
47 1 2 9 10 11 13 21 23 24 25 26 28 35 38 51 59 61 64 65 66 71 72 73 79 80 82 92 93 99 
48 1 7 15 16 24 27 29 32 33 34 36 39 52 54 58 61 62 63 64 75 84 87 88 89 94 95 
49 4 22 23 24 25 28 29 34 38 41 43 46 51 61 62 64 67 72 75 77 79 81 86 94 
50 7 9 15 19 21 27 31 33 34 35 40 51 55 56 57 58 60 64 70 71 72 73 74 76 78 80 82 83 86 89 90 
51 6 9 11 12 13 16 22 23 25 26 28 29 30 31 35 42 43 47 49 50 58 62 72 75 76 89 92 94 95 98 
52 5 6 14 16 17 20 25 30 32 33 38 43 44 48 53 56 59 61 65 71 72 79 80 81 86 91 
53 0 1 3 4 8 9 12 13 17 20 24 26 29 30 33 35 36 40 46 52 55 58 64 65 66 68 75 82 83 84 92 94 95 
54 5 11 13 16 18 25 27 31 34 36 43 45 48 55 58 59 62 68 70 73 75 76 77 78 84 87 88 90 93 94 97 98 
55 7 16 18 29 33 34 35 39 40 41 43 46 50 53 54 56 57 58 60 64 67 69 73 74 76 78 82 88 89 90 91 92 93 97 98 
56 0 1 2 7 8 11 13 14 20 21 24 26 28 33 35 36 40 41 42 46 50 52 55 58 59 60 62 63 66 75 79 80 81 91 97 98 
57 2 8 15 18 19 22 25 28 33 36 41 43 44 46 50 55 58 59 69 73 77 83 86 87 89 91 92 99 
58 1 2 5 9 11 12 14 18 21 33 42 44 48 50 51 53 54 55 56 57 60 61 66 70 71 73 84 87 88 89 93 94 98 
59 4 8 9 12 18 22 23 24 28 29 33 35 36 40 41 42 47 52 54 56 57 62 68 71 72 73 79 80 82 85 87 90 94 
60 0 3 5 6 11 13 16 21 25 28 32 35 41 43 45 50 55 56 58 62 63 67 68 69 72 76 79 82 91 92 93 98 
61 5 6 9 10 17 18 21 23 25 26 28 34 38 43 44 47 48 49 52 58 62 64 65 69 75 80 82 84 85 86 96 99 
62 4 5 15 18 19 31 32 33 36 40 41 42 43 44 45 48 49 51 54 56 59 60 61 67 69 74 75 78 79 81 95 97 99 
63 0 3 7 10 29 34 38 40 42 43 48 56 60 66 67 69 70 73 77 80 82 84 88 89 90 92 94 96 
64 0 2 4 12 14 17 18 19 21 30 35 40 47 48 49 50 53 55 61 65 68 69 71 72 80 82 85 90 91 92 94 96 
65 1 2 10 13 16 18 24 25 26 29 38 47 52 53 61 64 68 74 75 77 78 79 80 88 92 99 
66 0 3 6 7 9 17 20 25 27 30 33 37 42 46 47 53 56 58 63 70 71 75 77 79 81 82 84 89 90 92 93 94 95 
67 2 3 5 10 11 12 13 14 17 20 24 37 38 40 49 55 60 62 63 68 80 81 87 88 90 97 98 
68 1 4 6 8 10 13 16 18 21 22 24 26 29 30 37 38 44 45 46 53 54 59 60 64 65 67 72 73 74 78 82 83 87 89 95 97 
69 1 4 11 15 16 17 19 20 27 29 31 35 37 38 42 55 57 60 61 62 63 64 77 81 89 93 96 97 
70 5 8 12 13 14 15 28 30 32 34 35 38 43 50 54 58 63 66 79 80 84 87 90 93 98 
71 1 2 7 10 14 18 22 23 30 36 39 40 42 47 50 52 58 59 64 66 75 76 84 85 86 87 91 95 99 
72 0 7 16 18 21 22 24 33 37 42 43 44 46 47 49 50 51 52 59 60 64 68 74 75 77 90 93 96 97 
73 6 8 20 26 28 30 31 37 38 40 42 44 45 47 50 54 55 57 58 59 63 68 80 81 84 85 91 97 99 
74 7 8 9 11 12 15 21 22 24 25 35 37 40 42 45 50 55 62 65 68 72 76 80 85 87 90 
75 6 7 10 11 13 15 16 19 26 31 32 33 35 37 39 43 48 49 51 53 54 56 61 62 65 66 71 72 78 79 80 84 92 
76 1 6 10 16 19 20 22 23 28 29 30 36 37 38 41 50 51 54 55 60 71 74 78 91 93 
77 0 2 3 4 7 8 9 12 17 18 22 24 28 29 30 33 34 36 43 49 54 57 63 65 66 69 72 79 81 86 92 96 
78 1 8 9 13 20 21 26 28 36 40 44 50 54 55 62 65 68 75 76 82 85 86 87 93 94 96 99 
79 0 5 9 11 14 25 26 28 31 32 33 36 37 40 41 42 43 45 46 47 49 52 56 59 60 62 65 66 70 75 77 87 88 92 94 96 99 
80 2 9 17 21 26 31 32 33 35 39 44 47 50 52 56 59 61 63 64 65 67 70 73 74 75 85 86 88 90 91 94 95 97 
81 2 4 6 7 8 11 12 17 18 19 21 26 27 30 33 35 40 44 49 52 56 62 66 67 69 73 77 84 91 
82 0 1 3 5 8 12 14 15 16 17 18 19 21 24 26 30 36 46 47 50 53 55 59 60 61 63 64 66 68 78 83 84 87 94 95 97 
83 0 1 4 16 18 22 23 29 32 33 37 38 50 53 57 68 82 86 89 91 92 95 
84 3 5 7 8 13 14 15 18 25 26 28 34 38 41 43 45 46 48 53 54 58 61 63 66 70 71 73 75 81 82 86 87 88 91 96 
85 3 4 7 12 14 18 20 22 26 34 38 41 45 46 59 61 64 71 73 74 78 80 87 89 90 91 94 96 98 
86 3 5 7 11 13 22 24 31 32 37 40 43 49 50 52 57 61 71 77 78 80 83 84 
87 0 2 6 8 9 12 13 14 25 27 29 30 35 36 41 43 48 54 57 58 59 67 68 70 71 74 78 79 82 84 85 88 91 95 96 
88 1 2 7 11 13 16 17 19 21 29 36 39 41 48 54 55 58 63 65 67 79 80 84 87 89 90 
89 0 2 4 6 8 9 12 13 19 21 24 25 35 36 37 38 40 44 48 50 51 55 57 58 63 66 68 69 83 85 88 90 93 98 99 
90 0 1 4 9 11 13 14 18 20 24 25 28 29 31 32 34 38 41 43 50 54 55 59 63 64 66 67 70 72 74 80 85 88 89 92 97 
91 2 5 10 14 16 18 20 29 31 33 34 35 36 37 38 40 41 44 52 55 56 57 60 64 71 73 76 80 81 83 84 85 87 92 93 94 97 99 
92 3 4 11 14 17 22 23 24 29 32 33 34 40 43 46 47 51 53 55 57 60 63 64 65 66 75 77 79 83 90 91 94 95 96 
93 1 2 15 16 24 27 33 34 36 42 43 45 47 54 55 58 60 66 69 70 72 76 78 89 91 95 98 
94 0 9 10 11 12 15 19 24 26 33 34 36 38 40 48 49 51 53 54 58 59 63 64 66 78 79 80 82 85 91 92 99 
95 2 4 5 6 15 16 17 20 26 29 31 34 35 43 44 48 51 53 62 66 68 71 80 82 83 87 92 93 
96 0 2 5 8 9 11 12 16 18 19 22 23 24 30 43 45 61 63 64 69 72 77 78 79 84 85 87 92 97 
97 6 25 29 31 34 35 36 37 39 45 54 55 56 62 67 68 69 72 73 80 82 90 91 96 99 
98 1 7 10 11 14 17 18 20 33 39 41 43 44 51 54 55 56 58 60 67 70 85 89 93 
99 3 4 7 8 9 13 14 15 16 18 19 20 23 34 40 41 43 46 47 57 61 62 65 71 73 78 79 89 91 94 97 
